1.839010446958824521e+00 -3.254230493415938573e+01 4.902347822934434541e+01
-2.252020429784781518e+00 -6.956225679815628050e+01 -7.833254999999999436e+01
-6.992929009684199902e+01 -6.304922279829273511e+00 -8.339253499999999187e+01
-7.514175991358996166e+01 1.608013534372101484e+01 -7.847219999999999752e+01
2.561777787493577231e+01 -4.996863589586073952e+01 -4.692269496900091165e+01
-4.710906192489281731e+01 -4.780704323240076926e+01 -7.605159999999999011e+01
-4.567267624286838744e+01 4.737020391193108869e+01 -5.562619395625676001e+01
2.086506234949276385e+00 -2.096871427153374302e-01 8.027984142023938196e+01
-6.453453249010403624e-02 -5.429787057271615348e+01 -1.105584191167924042e+02
-5.057924092177959731e+01 -5.588232249277226439e+01 -8.994016955500000799e+01
-5.498669522343566408e+01 -5.384362410667927511e+01 5.915727317489077896e+01
3.451736050358044517e+01 -6.059529334393012002e+01 -1.144175037816249978e+02
-7.162842018914902885e+01 -6.917293141487499165e+01 -7.227718659644615352e+01
-7.404744425911413307e+01 -7.275729933319395238e+01 -1.319213311039504471e+02
-7.523710878301915604e+01 -6.674185062085374275e+01 -8.272854237435142343e+01
-6.574120573283429915e+01 -7.439113277606206841e+01 -6.569819407075096128e+01
-5.451271765313522953e+01 -7.484661630048013924e+01 -1.546290514620119405e+02
-7.741618463354707226e+01 -7.484387673560413011e+01 -1.365836443744420843e+02
-7.723281817542406836e+01 -7.285396220886081030e+01 -1.157386325745908915e+02
-7.547643878970962182e+01 -6.923616864756389712e+01 -1.610507122899329602e+01
-5.245537813764038381e+01 -5.215766182430714414e+01 -3.170702389455703619e+01
-5.294610806722654294e+01 -5.474702441740778246e+01 -5.185149045967069602e+01
-5.564503961679149645e+01 -5.620052184655169801e+01 -5.663223531042484969e+01
-5.813103292714715641e+01 -5.276204910974164241e+01 3.023506339656852226e+00
-4.392245174145180565e+01 -4.657340079818999735e+01 -1.029078287375114831e+02
-4.738240639331133840e+01 -4.707731504890589113e+01 -1.032995192765710930e+02
-4.582373767983324720e+01 -4.425640926483340488e+01 -4.641148758654334804e+01
-4.521249516238212939e+01 -4.571211372772744520e+01 -3.913877193624759722e+01
-3.643123317796792927e+01 -3.294457307429804539e+01 1.515872442999997782e+02
-3.329172219061907944e+01 -3.219225165356207109e+01 -2.987437964199349570e+01
-3.144354944035656653e+01 -3.518927663329328558e+01 -3.127165521660834079e+01
-3.475362496577681858e+01 -3.531519109127710389e+01 -3.440276032580413433e+01
1.731829908266196062e+02 -2.858062800418062798e+01 -5.180666258811048076e+01
-2.656747704439544245e+01 -2.969062748540912343e+01 -1.085559458323945388e+02
-2.836006955643785000e+01 -2.809276355441691232e+01 -3.046601311929153487e+01
-2.597867150979415362e+01 -2.682134682196938892e+01 1.476417287438310131e+02
6.180315592438863016e+01 -2.446270006318226796e+01 -1.095617156045954881e+02
-2.177708844324795502e+01 -2.261829747179372040e+01 -2.364046140289790164e+01
-2.525941305100244373e+01 6.971856532162808252e+00 -2.185570338252836796e+01
-1.049119817581597603e+01 -2.215717614543046187e+01 1.693791450267532672e+02
-9.127554783870932786e+00 -1.063470905034062474e+01 -2.001738083015858271e+01
-1.079742961022949311e+01 -1.116322374623685730e+01 -1.048048430249999742e+01
-1.223325137757209214e+01 -9.764472015650000236e+00 -1.553925779119058271e+01
-1.006747141448962223e+01 -9.402501949999997544e+00 1.896973043719261194e+02
-7.377797311687500203e+00 -6.542959249999998883e+00 -2.225699662700233384e+01
-5.474222499999998226e+00 -5.612221321249998718e+00 -8.307807166135420240e+00
-4.780900000000000583e+00 -3.496399999999999275e+00 2.254396144516009282e+02
2.073668083599190434e+02 -7.085438407499999636e+00 -1.570889101371222351e+01
-1.400099999999999911e+00 -1.400099999999999911e+00 -5.248309249999999027e+00
-1.400099999999999911e+00 -2.330899999999999961e+00 0.000000000000000000e+00
-1.819899999999999840e+00 -1.819899999999999840e+00 2.355912832363303868e+02
-1.819899999999999840e+00 -1.400099999999999911e+00 0.000000000000000000e+00
1.154920188403902761e+02 -9.100999999999999201e-01 -1.400099999999999911e+00
-7.000999999999999556e-01 -7.000999999999999556e-01 -1.480849314571795754e+01
-9.100999999999999201e-01 2.864661949616839569e+02 -1.165509999999999980e+00
-7.000999999999999556e-01 -7.000999999999999556e-01 3.203421995676782468e+02
-7.496930529301792822e+01 -7.274839191940235471e+01 -1.035083309383601000e+02
-7.478455238168625717e+01 -7.011126269524359932e+01 -7.563466486306959903e+01
-7.342961682279874603e+01 -7.315946124674298167e+01 -9.300465781537498676e+01
-7.553926431408227083e+01 -7.391322006910978691e+01 -9.196413550513375080e+01
-4.281636094310819042e+01 -3.678486857370573327e+01 1.023774720384339327e+02
-3.802780943385683466e+01 -3.656475910811043283e+01 -4.030854972201721532e+01
-4.026236340679748006e+01 -4.468151041373522171e+01 -1.065211416262331137e+02
-4.268038752327725073e+01 3.839361147104871085e+01 -7.142680754880946049e+01
-2.922741867570134412e+01 -2.666172880070918770e+01 8.476659250357129215e+01
-2.750019971137157503e+01 -2.857219751891699057e+01 -2.510936681365267399e+01
-2.854763124226481020e+01 -3.172270865962235907e+01 -1.042863383602885927e+02
-3.132584071291480020e+01 -1.885873160432078753e+01 -1.009241940419906281e+02
-2.572494329558692551e+01 -3.075123657353843120e+01 -1.297798529645036434e+02
-2.667507699999999483e+01 -2.906243164751874654e+01 -3.194509827089751065e+01
-3.137415984999999475e+01 4.960444149649985567e+01 -9.127622425198749690e+01
-4.146088662885781039e+01 -2.587672313562499559e+01 1.296723646501770839e+02
-1.842098338415747548e-02 -2.528455190773632187e+01 -9.662803488626711944e+01
-2.482221102559114124e+01 1.152254129717455223e+01 -2.357238999999999530e+01
-2.683891390464960859e+01 7.289218198522255298e+01 -9.588212767457787654e+01
-2.425726412697679256e+01 -2.674100263887046603e+01 1.551970433274277606e+02
1.344242311745540836e+02 3.052677380315847676e+01 -1.001157725123209128e+02
8.130487225298421426e+01 -1.729498695806136178e+01 -2.046066648393749764e+01
-1.602235401874999733e+01 1.067185495364508052e+02 -8.328907181031342711e+01
4.906579538240129091e+00 7.115634994601225903e+01 1.851576590555595236e+02
1.121770746753016800e+01 -1.212977939288529173e+01 -7.282826691167541687e+01
8.071738663676225988e+01 -1.242359869924712458e+01 -1.513017657506093604e+01
-1.324307846092499806e+01 1.320111745615575293e+01 -1.020355414574916007e+02
1.421227929652179990e+01 1.219926068623690417e+01 2.165194730709358770e+02
5.097029568060659367e+01 4.817570624475354558e+01 2.642268982732295764e+02
4.978380845390555388e+01 4.448888041901450284e+01 -1.408090714726306049e+01
5.966710721312026399e+01 -7.535653879937499455e+00 -1.009241940419906281e+02
-9.807353023837498418e+00 2.430812083603252380e+02 -1.106579759000175580e+02
1.849438869501831894e+01 4.193137856963706488e+01 2.813994252289100222e+02
3.974075052569020604e+01 -1.400099999999999911e+00 -1.050077028232065966e+02
-2.751099999999999890e+00 -1.400099999999999911e+00 -6.182383712499997641e+00
-2.751099999999999890e+00 1.898774878327539317e+02 -1.048645829467815072e+02
2.972905137196566760e+02 -2.135717500000000157e+00 -1.778594999999999926e+00
-1.050745829467815293e+02 1.348286646263016702e+02 -1.043892800324649353e+02
1.094721806475465262e+02 1.251170037406584787e+02 -1.400099999999999911e+00
1.245615008432801181e+02 1.235870309575830708e+02 3.139653766189970019e+02